2050578811
554300956
245925213
330706886
1085952740
668694077
307982088
629574269
402209188
462502442
664310499
1535327798
461935898
374469982
842635489
584500811
566172443
636963420
295185512
329000745
393670457
709323721
501576593
703776434
898511932
1110598763
1869922649
642371949
539752583
595074542
481813520
517520100
692749853
2026460089
291370128
1999732161
396637474
304435100
759702894
337305837
732511959
335632931
561975088
731988884
1002316115
259648458
1318630204
143930044
482414012
254346170
665142410
846764081
1177234905
545997497
846280861
531076721
862494545
124403462
597071675
728145
794071737
458471550
418479569
636888949
791740046
726106435
520348006
252051184
1818637743
306431938
498710471
525249648
520079683
549646764
577425058
347400788
546715697
1040138811
766142597
429520564
541604217
310559091
480964461
287627376
387652729
664923520
2081638923
395670573
332923507
734304002
378107350
1642051853
623223015
1194223400
399902465
434778553
466208466
834682825
788314991
544592310
282819882
338656959
675951611
171051921
53547383
772229548
65981051
328711325
675886115
413858137
654125566
456031375
725789650
252414024
330315411
187024435
500004296
637581610
663793327
595361079
569975766
28541380
1810978367
371848114
391734799
491173144
653138878
436739326
340999797
985366393
77973087
413346799
173998076
766762044
382892961
779583132
547560023
918057564
466306231
1628841205
412271264
900903771
1115016049
391034072
445988444
672986315
361283580
542629322
459064142
478523324
1352971070
540199584
602074534
520269171
360600701
479968262
1006822586
753563148
231144551
554571973
637665177
219572749
448043631
311533551
1565939697
467387585
639146027
456942104
947877760
400111608
1053201790
425511389
415861472
464629989
228940696
388531576
970274983
451950092
478617997
308240725
113350403
382063455
470042373
811865554
158602175
389182162
497644546
782364056
448151271
1050843405
689621712
703892015
336933044
808664257
649707413
469464178
498696747
510513175
239334038
731177845
652591574
284907080
205774947
610387475
764419606
151413630
404916588
152521852
276371721
339797759
488088106
550528146
369443604
404224547
774575887
274835644
368583543
442798174
527612597
262455822
992530157
640173806
795430705
2023758306
1346332505
475336763
589693336
684823644
697783049
794526412
939057936
255885456
422976898
657971533
1497969099
730517949
745234051
191846053
690629725
327384331
388082438
381918082
1885785375
175661156
565691236
742210637
230047338
240413825
747731375
605850726
359873774
483607766
672628947
1583154698
922543187
793339093
385658193
775641864
420817934
372974397
266312046
334777580
846447300
910012403
665787918
569445719
498699287
370606735
500944745
530176346
238023218
710736800
1179833695
504960513
904983732
379084439
1453222118
360590638
668874799
1580847966
866121186
591012577
875646712
391844156
554493756
1850913232
1321170462
896007998
174061105
616070059
256563291
1140940659
156062378
739432851
555859152
1103534380
2016651791
431133231
436061863
1147427951
682740566
137411917
1124631181
465750596
343778485
1254453311
1541981789
1753227013
609335480
563676976
449514144
1026878014
1079228879
1333170979
1054835624
690446488
390333668
1216832671
342520464
1199219566
474457655
724962269
960437728
382201517
346730561
395535665
400507989
1001094527
555688666
1587583636
818525069
496665778
395111613
295533404
446058921
687149251
604831337
54443342
290761834
297219265
619508048
691083635
163890336
1582749733
921442382
583483206
827309439
625483159
306865490
512636807
463150689
515059211
1068901202
866289957
285200434
1794874316
1301480408
345335787
402677548
1481379257
503084575
983983971
1705413714
402213632
1911162116
152929503
372500461
713074209
854475956
562619455
336594728
1043966847
470729912
165655931
464747756
476401551
635167276
395105718
392575216
323911947
402832412
470098966
469229037
797884081
533745893
177434786
257651394
982505241
640183022
942016249
776185678
109528924
328020631
570890514
450398480
513896409
324795923
774230470
183682910
1444953938
965387784
664259280
387050621
757494140
264533623
466716786
1307883692
265971258
1258188447
739079231
509219358
370047656
1070061146
634146062
898846667
1334038664
550558243
1248265010
1022010801
664780569
611697062
953007092
543454353
162725301
306365022
445150186
538277108
753915036
519852348
460838577
864987485
526969068
1184272048
1511201107
573946471
125586354
460832085
528340996
439626908
448679039
975238902
906734294
888383884
534231333
791925042
603047918
700602217
922651646
775666326
874861661
305376995
396667707
381910283
433814614
259383831
1913936575
1835161557
435246729
535653723
541570029
634819080
473676391
152662636
280306946
678155045
486532803
775657097
247469673
146864892
986330676
601468114
207022193
1850933597
268380586
976887241
633844308
385874142
659024718
339234733
1005737903
437419095
522475809
473480814
701852358
1338768253
1470628394
160561312
504969590
914359735
341682855
672959688
329952506
667014108
307936832
946126278
1856492929
510594584
968698358
422015196
755149601
676644916
1006983879
1381531595
493913966
1085476370
531977381
1072793689
542560862
640006479
467826134
804962389
453695180
439394098
369034150
409330422
433676684
416450142
848218194
651646756
351065908
276760238
974966815
340774479
753566387
1234896945
415593200
462668415
284950962
571611360
452111287
443637171
333072672
493170113
471434339
507865661
946086643
503270728
452666273
314491377
1281117675
686110032
529898823
1261512515
327287568
601204852
628449997
488123006
740840127
1297950284
505101456
551746803
1660642093
695132859
414977634
339680092
792233755
37303678
273492955
676077457
440235303
415779797
519935663
134847748
436505643
441410598
198577359
401907416
725179092
247982531
496329985
571616930
422695225
241529964
796329235
450664116
1334919142
710693034
938127788
1021329852
555999574
798056504
420168032
461421032
799261568
167509712
399324025
152723535
457776346
856875424
421196705
740596906
313482313
1012001434
1278040074
1357084721
685383963
389041520
849905573
1555198782
1777944729
533485006
879863883
1468907891
407536772
705971080
373407117
1224078963
1540855451
456021526
1121755906
1363689383
252732960
757039765
705968130
659166795
318977998
1709984448
462814913
557317434
599003915
479641810
506204646
477114476
593646589
625562228
240436936
492265008
740382305
501027883
250921147
1182921040
1412363394
242756836
272283452
603806687
1183159267
1252178355
253801710
867106864
517793475
189500602
450117077
439220905
1045410336
357857333
498209290
1476750121
974254015
996387830
648824633
1509054934
390646553
1905009246
472589426
678827929
568721897
1787174783
1799030461
1218365954
696732239
579816039
773089042
371812140
830875696
882919465
787281170
304696781
663311731
436384889
320594088
658001973
337123543
411724178
327679136
614126829
498619313
468363382
506616873
1667403619
228490842
127045718
334019995
842535488
828537894
963614072
389964648
548344514
453260757
827331700
722118419
1205257623
335057300
1863843443
863864714
353888873
490603200
513152944
433635530
1377280252
539255534
581045329
284507491
217131265
311079928
558015241
1606893739
1698058402
409322218
602185764
1000631271
398721824
1380596761
4671881
140514167
373998582
442653296
1326075664
337401101
338507817
298959561
601958086
474625765
425525859
338490214
796865098
550968646
496124761
32343182
118333299
701264921
374041208
958360734
632884519
854848232
417989236
1944570501
527950027
1309761883
188047764
906765618
1362914072
581920701
690980715
537520031
377716357
66475322
476872486
832160922
498843420
827431194
824944704
467189410
1884537788
215117339
1349490505
606728182
1366360587
1074004141
258629004
452054505
794355608
900538221
522733061
550656425
1008562918
1483877751
341695025
1479472520
252471660
1265149116
433872827
494596061
540586561
943796357
332212382
1097321375
382469678
538487397
402186193
79925071
456871676
339146065
578949901
288751782
311053154
150837040
272326795
839450514
1159501215
782187200
482471217
529291760
1229898383
419547134
439272994
1052416226
781270647
1351346122
1408097113
1576319389
1483564464
605671584
747268580
828109980
459058415
890146030
583892325
937751370
695271065
530390792
541075213
681052953
488817082
918556103
646869048
421884722
460861252
830440664
258920029
407111163
632891288
464481673
769285982
1445544612
756220141
398602400
1306284465
917996573
396865250
420031609
491072269
388714019
1168950680
754703861
377941474
709622056
297521271
1247802523
712851941
807468990
552502547
607515690
641326652
540208043
407728182
800900343
457752528
464033935
502148428
328668091
357584794
273791152
642218826
437278701
527421913
724268306
563515629
1294913831
299471514
308855395
359603999
357926739
207468595
456228476
462077940
1525238263
426354411
635023867
791236409
431495381
256496398
1114195043
1019794140
495547048
676416378
1027822094
485635708
374550749
168704912
332728870
1140041290
351290443
796662153
1037779422
348341468
546925869
1115106419
352011600
1133752436
1193069610
282803680
1426616400
145630682
470348812
602988166
506557017
587901528
1603655277
441403083
702106387
464864919
938939799
600071429
522612907
472920059
603323481
306322171
446390900
1440273858
869412207
320589792
673877618
826665987
557700315
439434670
600006778
282909965
952706529
1185225793
676861722
127232256
730901001
598529580
378426775
1364882773
987301838
549750088
484379869
596506453
872498675
530556893
454362177
822692185
344954375
454374125
431234295
408965111
506314650
218190347
71184154
927485092
826004368
454980716
451188502
1049336612
425190454
668074737
1631444336
369333319
930608277
389373002
225858402
253125158
1378437668
258701914
407021133
244050494
1006649375
882222547
321789383
974880173
323429707
74098778
442503538
451358694
319448689
853217074
533016773
447972009
496593845
545708093
683687353
273206584
533963054
855385304
468649254
1580773656
1810756254
456195212
454712940
394987720
919093193
397947661
1063947268
465649334
622919187
789906529
626804188
435511884
681560771
798150826
694317155
842755467
480604946
693190601
504876847
1002522278
497031961
591754916
1203893475
331114501
498570408
552037224
694983787
350480265
565564160
667267562
212996035
444762095
1053414963
696676845
503604578
529847922
877910245
346282877
623281911
415353659
470212539
452083080
715334499
1286963329
670113627
1143848279
861132721
1324515506
459874200
504710710
376555351
279970887
720434066
325576420
874633288
605446404
346536135
658404946
441640949
427896521
1177122895
507590034
1100482239
387834202
309086450
669422104
684192282
498043480
481569596
69772023
903563951
439926980
547724410
339976089
574711271
377234213
647100366
981684625
593090541
491066546
98898930
363170411
584555469
576501113
944694956
291235560
382352756
320272729
474642993
563233435
534738381
847972486
925479165
521887776
591473444
798101446
523956687
385222896
412719941
830667754
945968574
552690152
1084633531
793035446
433444826
1026467615
820226153
577114581
601374958
356634712
359704169
892686986
897183210
394644266
462942166
938449154
303376463
616743994
363543291
490031156
1744168265
997181625
1263448297
876195911
619697626
560702010
560872645
1692130269
452402461
795396923
1334942822
1764436631
1461886099
724361142
160202749
1313582208
279960058
554974250
444797546
941767760
481586200
480197291
282805202
1505675920
526828231
1561753378
574789954
431323087
792564043
408358994
667202080
165231083
372920168
453318132
116486528
951360649
282764436
443511948
169496107
1627741246
304600072
390862833
446157511
675953054
632725308
461914478
742703326
455020673
151239812
1258651889
683702981
542238388
612686327
747611214
402556542
471167755
577534654
694007366
208728373
820163084
56820162
152111773
367967834
296212002
654566171
672267470
380291556
527424314
1395277513
525196779
698538854
465396727
333286427
349385894
433452669
1228491420
444930692
594495468
483636881
498850878
1130365573
1454554731
834331537
420111733
452268686
1718450082
373541342
1282648007
326483558
531342277
540028247
264106309
657731482
992043818
395943189
1437313871
825702669
574653111
323661284
764121905
157612018
1195672339
1678073289
353878312
1369253168
429736691
271306609
672816591
720047529
625282651
487401574
672294305
505620044
354468032
961855777
241076228
533598153
1203250434
489212399
533296833
1069198404
1055585115
285174082
973498410
430242248
648784881
844660352
459113214
973160244
499441219
922446278
378577903
569839667
738157228
795909891
284094733
1074467040
275857893
1621796252
568097022
867870175
390260276
417624068
570702842
839929206
1143090080
344188574
776797525
187304686
689631929
500250949
453211691
607026266
927563194
718109197
335079633
888557658
457649077
1017882748
1061495122
1399139964
768964255
107604311
288714599
451334231
519924868
572826357
648694921
526076361
529810566
709907664
723120580
1100608935
97444784
494961217
637259559
947984801
586987256
666509265
394070845
237777775
408058777
538710550
1678745072
1057875663
282168621
439535847
673784635
1229171822
731212281
1037139134
733759887
492879023
1047002216
1122177483
371105718
893138367
660185443
981735213
409174891
604015577
477768230
796178444
671233575
759445805
526198504
686415471
543365098
776483491
365959243
615926103
458841314
764776081
619934297
354537045
463494986
430388405
344951533
854813186
175408495
673002863
763931736
457847424
557120162
360877808
325513859
1227435689
1090401241
488200726
485238117
388831270
438064053
292491148
478197290
421597059
290565143
454014665
1062765545
422092034
562471256
748978638
1392408795
522497349
446743829
832385858
735153714
423861319
940313719
372856870
1407545363
952723298
1154536556
301491704
454838602
214497032
1125274737
537311956
1069696423
1793762603
1003868473
692966024
102660767
357026773
1453652601
961984470
386956015
458243889
488886402
555522183
621867153
1105184258
1425227286
845622833
279028811
519468687
443187019
253751802
116407414
388475622
550361564
397256898
341264594
448846353
1409266456
578623169
613974838
195335874
669321385
1214128368
368969682
421370947
497082250
400132581
502739216
1055302676
1318284854
772699218
873108412
1050355764
568368574
622419447
177384943
517390719
1638297575
1018737187
1183039574
1102624452
1235320094
728458525
601003262
776349828
478515075
451405146
547796571
737610613
1699459300
629642292
1180861057
1048110091
1074832895
417697471
557980090
425849256
1727431218
603201502
639909757
810782813
834351387
884993091
1141643969
310581577
343474211
344397927
443652491
486731532
522055442
525148519
555293516
574264875
690935364
691353457
717513200
718177546
811698892
854618381
891507788
1101798101
1187476431
1208306024
1212292451
1478078071
1524782056
1636325971
804044038
345061869
523654913
297321017
834090497
91192713
536555733
842008645
789624878
367465912
388528555
284034214
1571048839
941261526
427912094
762589598
516084920
275642942
990994899
466864864
476730631
1384433739
227325039
658962606
1073824246
1021603806
340174112
483537752
881540571
755745320
294226138
1273329589
664066859
933821256
415074523
850733909
1026337743
1573250004
347564169
398617783
450438549
1528606949
1201002894
221056406
752790474
1031039057
409782121
1299490217
715573399
682694708
510442750
707606546
784219689
1407648646
449012158
532356192
1470043242
528794489
638622697
648252019
1237279057
1399393862
772942810
729552897
1328590450
1071661817
990216928
208879621
723600766
665557877
1490845304
480023919
500301153
530119800
761222761
557196306
1042897453
351734369
433158868
375327708
653405771
221145425
1232978762
1382599372
527357381
751434172
758452217
908751338
1034762764
1049380449
1669244368
969505848
552643968
637135420
241953945
534284037
1464955931
598148609
779749745
219627801
1014592488
413297951
639202709
931113467
929315156
587707011
1254156955
759581564
1371158151
497478520
288990263
1410355926
589804409
636796208
343607906
345492917
534494572
157250033
218056664
624960765
554597434
872423339
424389253
522518266
717270713
114886227
1447128898
503953810
833829546
275859084
661102528
208596364
717851122
654113445
607624816
270704886
473220315
639092959
408276182
137716918
507899407
641186223
396696062
340697325
229817391
520998449
1658306158
630581420
347297907
1592579758
451181751
700044623
490905870
1243405368
651621919
1159625301
1450299183
275058134
175942143
855525201
409506284
1552375097
652545203
1164632347
485085343
565832216
808892067
1197086719
1678052195
597612648
415200491
391883775
673332381
1212725533
1002103421
1169358278
926924882
525273441
1103578606
452583762
666286266
191178323
536447512
322988699
424191879
350374670
389097011
792089294
368752947
341223449
787066886
941990251
578386161
583875856
818616166
391676850
571729753
457418849
263548503
421964746
480514884
406499233
754820243
977888531
450081794
724640511
97470258
101375442
368154629
915755994
468578792
765400812
336521408
404426632
1119523085
456380799
394370990
1133833949
404554027
473512100
419091883
604110338
257102867
235180453
1258093679
290670178
484528665
1121872777
32318777
886180491
103251916
854081328
325950872
740418458
718795297
453188999
1185818891
107157426
393719777
637812483
877846235
1459201754
1067306956
609889267
498735107
363421364
589516512
796508932
729092661
1099495806
187695861
802859367
609612403
526354599
742815827
890020152
400990146
485030088
1124074821
237737340
613132385
1143564943
1079824332
542653307
759145767
588570759
657277575
564627727
261326534
1037425496
487903174
341973363
773208189
1069010199
1061411280
817923781
833682534
1028697741
95510331
201234684
607491658
1140910820
448105842
718690684
715758388
1096931869
672662373
767667068
457498831
1057701595
829640525
516215722
302351414
417096548
876125001
879626460
718806542
400092255
652061630
638820388
1087913146
228667468
309414538
400886459
558101198
630632856
796582396
893581506
899680001
1060345240
1221905849
364364144
586940969
1090232435
569075676
437918260
134957264
409343278
755752765
155418065
1107426267
665913969
977500257
453945102
1179265596
585630938
495348308
498516373
871454174
850069700
698237100
1302405271
603423446
505296169
981299628
439896395
859795497
683457334
825642499
596162416
565326637
796518136
511025935
561945065
1291510908
689244934
854393427
561570361
481073707
653051618
1096760440
508206282
485547234
639835631
526832490
512824430
804809047
395404444
116573780
201704724
569797930
424566933
456677331
508108186
522657672
492883872
463113649
666178366
1544662527
328814279
395027795
413318612
497406202
525108220
546202325
709806290
730009669
788947869
794639605
807560711
821541750
1050916617
1302160998
372990710
520220470
470948625
667797374
1007568225
303611921
1462722731
606871123
596211315
743836430
976849303
983639665
1142815649
510014884
577103955
1112740235
1239658337
605104243
822681383
1208396242
229280702
409694998
402048241
280425419
448245084
269529726
414634990
817437522
829956854
1164068725
1021480223
331284985
886853693
600893577
617427810
807074122
494196986
524619346
1544828032
569874406
580488064
484872118
346431099
474097078
89125114
946666626
1128838422
1597209041
624612777
1472588578
1348057797
592998972
831490952
896388255
729420207
786280785
449177687
476966032
656430282
537602388
729487331
474266874
357866702
530698270
446993079
1212406826
559615833
1123684452
373694497
398386148
1492035781
1067857573
547370629
818178038
399665361
965312043
1001113376
1363424889
1426118362
303074207
356422879
383486976
473790640
597679417
947256204
985886205
1065633049
1492822590
324189211
528620344
477486535
853171736
545159447
611762473
861965146
500622893
1041408804
662388990
866459105
571385426
428975716
739847437
402974829
691099993
583842910
1574244960
500590063
741117536
578290933
462439093
654841925
615733784
550679500
805389289
202429853
454826197
475529112
893783310
424080497
498832962
562761111
667862253
398510599
1205613507
1032871678
1005774906
245833183
867196353
586997982
711310738
531098606
722902733
1487561901
784127307
1047581415
407272016
445969303
1246534292
82536781
1052912764
426403328
205941218
670496993
370951472
1093519198
1316062470
615396493
1346345722
461603440
663185185
301585375
584506226
592746883
560725076
401651955
297134202
547183217
628422043
952130717
637602430
1008132561
476433246
1040211580
432791912
186463187
402016984
72453678
561460235
480708554
584759270
280730514
364590720
580357058
1043244990
676566494
360650463
1212890952
1338707188
483755881
920285468
609563488
845881496
333414729
1014001735
347681748
1413804694
482917918
591926653
1195549343
546715722
512100644
386474903
808849572
532342375
598977993
712897528
489697924
572875367
435603057
868456327
623130494
667385701
417267922
1282246023
978605232
655604613
723949776
237602111
361632826
204622345
940232280
1252310716
96892125
329270729
367973260
451534438
675730644
1284082649
374582681
480352516
724128775
1048786321
398060502
767735885
1314872648
554234801
593508849
487399669
433585260
1204326092
538733074
914523937
1037861329
392253648
532804605
566918665
638069572
200113191
326337735
495681902
542901510
1055914244
1057728184
385906593
401269251
416663711
437866716
452111347
470384945
514497918
524951750
203535852
485273051
595983568
959858639
464702877
867018541
292064541
562051996
904890881
974377331
513427961
501067527
1267602190
892328924
659010271
386060781
127193664
412834364
1255893385
1400984218
181206801
738459726
573888111
1490991506
1492583272
170659773
231303675
708677741
584988990
236921482
533096226
373909786
164078637
381418402
693660180
1424253043
243493784
341745044
372143592
399731246
221901506
411522546
339108595
211425720
641880900
835416559
449099560
649811878
1213150128
519169631
467787914
1056667104
471730629
579304933
404160027
444467490
239500788
1069784807
347674826
498656730
498530022
1004117790
120026229
723355138
339666650
732406654
411785036
1341443001
261080117
435080602
577258283
613113907
677416670
1024934514
1187798802
285189518
426184420
469744230
507133291
552038558
794591310
822894566
841086370
1014272213
1016077340
1399408663
1474955664
494318774
528325505
803325725
805562677
944605592
236250798
481538465
557870621
1335873679
583301927
699538412
1189860602
119568213
1313042413
614096164
576339892
62022573
1387238131
98692488
897782583
650066019
1401473456
453105422
757655003
1010039714
397246229
932232302
597125120
1219990790
639133888
710125283
430708490
421789083
648195921
1462756097
897540808
794930748
635880089
897289837
846112864
778591603
613231966
785723547
1073277217
1183598150
646728273
419365012
527980192
309920559
738384827
401763404
438554152
913108566
738042822
111880205
1414718199
213127152
357855941
516213714
567866618
612282965
662306764
699248799
835152967
925254848
962789450
963900433
1033000983
1136708738
1210719863
311258901
352083424
355651404
582375775
799697519
510986678
541730613
455844653
504325326
358445460
710411543
212487719
717352382
1090652721
455606945
357106984
70602777
663454343
560214994
535375952
511855639
837978431
403787844
480420547
409635028
1147346739
406992173
885602466
954194071
451459352
663260701
943310385
436679970
479075181
419452339
126397743
1186342682
291809851
664887307
607748837
593672812
405696775
284969507
860815301
383786707
434424053
269547169
538058996
532619886
322740228
444528611
1098459015
496168345
115409329
572408258
262121303
538863050
486425369
946546129
958298795
1133562454
232212202
385789578
694797724
659725134
917094893
457051439
1002231958
582238406
635995459
353896860
290308943
570233133
899385518
1072024882
502023746
734614369
455449779
308248368
407278148
576088250
730307961
593933521
1313278196
519662808
513628213
764126430
932238142
715905411
554864332
1090218326
330274767
865440177
1161554989
690525431
809814408
331192161
417740962
474554835
550449209
550574969
713954631
1051394937
407671448
483998215
847212752
281920259
1180874270
505675515
755913815
262130963
68138302
737666650
581246279
1082642081
1060189964
250154793
153715240
307936329
964774106
257952642
320278716
330852449
549613204
657134887
663777611
551555016
531604032
653210772
784859638
898278202
1045440567
1047816452
1118363688
364140207
821860624
1203171058
1020668897
81335463
268688970
663521207
500670310
611369766
723642041
856732408
104844007
525809672
550288169
1346755190
722717483
931027460
615250696
705262007
809404410
926915640
953875508
1393668711
445122273
281516874
347462672
369615851
237714345
223409887
904113160
641533389
446496034
584378227
992140739
750848951
450160186
460866164
489857061
566325930
469926766
160618433
420123882
754995311
564181668
461654627
190646462
450572374
783643803
299816672
430895550
507317763
242635915
629438354
379065599
592928271
487527003
437574112
723457323
456107716
300167526
571543972
97815007
482099916
553743119
597950390
309044507
770670124
837413376
270793324
566552391
656060049
905368140
888286136
998151567
519606099
796181187
398722460
602030208
744525031
625896694
155002127
985005022
1238748827
778632582
463637725
1123471123
690608213
1060105050
490474636
353764462
733283327
516876647
56516467
996853293
569025941
654074487
1012409977
926311325
1015803355
495630468
1086313332
319455354
463272388
522004539
226854912
311344288
362589563
382348545
400602985
428470981
443384843
456964267
458941793
470534692
470722943
507967232
508715633
554018205
559741329
578013847
590190005
647072824
648214677
682399334
685365085
687182197
704622732
714028038
854708724
897000652
934760843
989487226
1075136814
702307130
303763851
353901158
474442686
1031172649
272937827
396441705
1072850676
1188838776
879280865
145367159
243562549
302315377
526816773
1318929882
873758273
624036691
579556313
417645186
566669626
856468946
738649328
1240416838
434283409
473566314
435152170
1239373291
784967558
537934763
818534659
774067087
328485734
489319006
809219625
362439188
370346691
457503354
492691348
509930326
545001813
699524927
762968069
783260551
816266740
994273017
1117221064
1182211156
713595825
611227844
868112573
375235684
580504564
508443982
965751848
966738820
995235727
1329885969
726357340
569348255
149882349
241138109
534344728
1044556550
231575317
463889540
532787329
636451786
685290865
780551044
920818678
1000770589
1109880466
1146929884
1257809742
499650556
580340954
481477663
446397546
493941079
94739626
538190908
494299394
334994127
544389076
446553561
97201305
373322349
149095319
511217916
576244373
479769563
809097364
910529539
1021386701
398465681
748624452
885591119
807408678
1019408365
648061460
672744718
789865336
426948857
559964327
605324727
715469737
92504646
267885952
464045470
494513029
655368878
770736131
802607488
874646719
905328118
1050908313
1082069562
1200461037
562768081
655064142
736969166
874569789
1357138376
688102516
383462228
698960076
587456995
738468851
616823112
671311834
824816488
662545841
1064120615
1381335917
493884287
568188221
671129272
648993506
72690934
1032563299
1195861056
514445306
700440688
120362792
443623668
614620178
73406576
419748231
528767781
443246658
1085042443
323702930
1285899604
525228016
295274088
720800262
1112819290
637886540
490830954
536636855
1134898980
1308330658
456603682
711744748
788534518
1085302198
236291403
693836591
484847969
322066677
451650606
1087464418
389051916
444213354
925544939
221211984
469040235
541260536
316964406
498474619
564235398
543662230
1099560948
677990037
758787003
498537225
522188584
158165558
281524934
881104379
359376001
648879597
671438201
402196885
459280474
497349628
543753714
625811219
832938767
1182200756
365424456
514102025
532916659
667671816
1054205395
493066183
529645939
603730352
304367809
329088523
356489346
512550271
518079634
708270903
731147059
893664633
1102778957
470420875
530091377
546090282
707987743
820931998
1119586195
157392202
359663272
427111476
472228867
539602431
549432918
638311840
707353762
934130970
1107573561
1125370434
381307622
412336729
504473647
754472440
790388416
731031626
134298132
372166603
432172408
468047137
530494342
595276821
876360743
909916906
917811377
448107706
574177706
729044980
777566767
794353759
839805702
1013145692
205544497
215724699
355311378
567444848
707053486
749453567
950934720
961447497
1011906237
1082012225
164832590
349351866
370295122
404900068
484385772
593695714
626744999
870315786
664245157
409488904
424263274
400390994
748110825
201187546
623742352
468736894
502956899
505136719
515776293
712997687
786771854
846193983
210178661
338692627
450859193
469058400
496430361
515656384
532938251
606611258
716817546
951019394
85072954
147924713
336481465
494291384
696565979
872375012
928941481
935385689
976095323
444218025
485360783
541171390
589604698
600505403
618764908
638743561
738069628
989469525
648194155
797904533
444769524
322574216
404594097
411460810
420886595
445535068
454963329
511799714
625357331
700996346
981084169
248693155
319866180
397887035
491658034
535556880
553002287
637679339
950346757
1007415550
356029337
439774660
544596508
546278228
709606091
949330263
1034466058
337981280
507051813
525143540
580045862
583875742
591156036
639773980
271924048
748019825
80902083
738408382
431319428
522356790
544959862
1014128064
1143172536
297263253
349357569
452305281
498404143
623643789
734577050
778274316
848178456
891983107
949229540
102684534
188124114
393763795
409603028
473674309
534117790
559838976
630502598
671830046
1113623688
353752702
472607971
545873192
787450797
1012959833
444387960
566506965
133593425
475660630
330318291
305339291
571895049
109866775
1230764919
304932440
433327696
381321363
505373266
291462762
1261355648
489354650
528129847
549562965
622391887
703974485
848252878
1094950548
322036302
407541107
450997247
558957906
569902436
709735585
736426025
749402998
891235783
1074945320
299761110
453828037
561401158
688998309
984290967
210971981
309401791
332680394
425447351
437128500
455407779
492517752
541812651
641358168
748639582
986088670
1029324171
366732740
693821443
1164753417
1710531
279288138
431629165
459879210
1088465607
610561691
452030459
1021626727
340392160
289761545
427457543
515767728
548119282
899721831
1030804036
1110910169
483443961
530226902
371581578
107853969
282598012
405078128
279926228
234495490
1074363255
682361413
816319642
390396194
271447623
334527053
525975511
436689339
482866543
951027201
393374502
81308463
269991463
549736101
278838104
471436158
1287482445
200593772
525889812
427600371
1004063365
328473793
597538077
955877580
873587010
444772312
770564818
948926216
403402023
608598017
556411324
549137664
270564668
1276146440
534646789
518623217
1120689644
422144080
433558885
686329574
426971896
701488607
1081230605
613857679
460795191
1026761299
1038873476
90465123
80544671
186710872
347332097
393573678
412433382
415999507
472518199
476159953
499461173
650872156
413256949
606056812
630502985
742415265
555216134
465303055
1223225133
1054046640
1070242216
1071220475
477136630
579914180
260012402
435733980
841403718
421060783
387748955
456082172
472173044
48228742
780570163
865976493
550967780
196420027
215013205
423809460
428978262
584416573
593667132
713613800
721028162
722052714
1061006822
1135786492
55671103
399199302
473309289
593023653
721079428
516426671
764724457
896682840
954643374
1042295852
1079395845
1115035494
411021179
649741925
779371911
1063158134
312052277
907735835
428309648
614907522
755526486
427597450
610557186
702067824
707124097
724646939
764947578
1008735999
1069736316
996816755
1236880204
460101655
358455612
575292626
587144238
426706446
421281672
748887874
727695559
515509284
697974768
425992692
858792109
755062987
943438378
385754427
684588956
1106754811
483533849
358471834
640327187
483705154
518769701
1144276871
333967784
431812490
1020678860
202428452
759624873
879315551
1101940141
757910042
944748836
917924596
949449374
297710994
942453473
527695171
407631442
583045568
198936130
340272200
588783838
913679872
942297155
1114938053
968039302
699457175
1288352860
172817869
360315950
378832883
409284124
480348589
608065150
734089871
819138675
851436529
948334176
202791998
347501993
356783827
365747226
839329589
302247891
341569340
633316002
801071313
161003558
383593634
485023164
637557454
412849367
342857826
467480464
421422307
443719635
520576295
549172352
676200253
974195309
397314552
480125260
460675129
724290464
649263387
791430994
659498166
672943625
91168788
402985900
409156369
417638656
912962425
587194112
333945391
139987581
102965175
578567093
529372920
713297777
394440956
717564335
375721208
985703077
206491166
336621761
395625742
457789660
484648513
726761038
1171346387
1268985869
261080786
264960290
461179251
548528960
249911207
298930274
328788850
629744086
677154014
722637570
506043181
604094350
1013731825
292671538
535094821
246542509
424979420
648793305
732616641
810458434
832013534
317271738
899472890
316209142
392284927
94650949
364897253
478615835
496308221
586414033
734583748
807326884
868252889
921973355
218299753
553013101
595956431
679988050
690482472
736751724
835009121
382940204
193857468
797895621
798687069
286997397
344119960
539349489
675203299
468878953
625089340
844995087
502627956
55101934
85888320
98704657
243463179
516638062
597545144
610520938
655764748
676263078
296112603
601882247
718225820
851438649
260758657
58524423
382273338
560473592
349499667
598340776
509056167
208187758
456761152
460446118
558722538
616959405
680654788
864498530
246232593
361211451
389516865
498304861
997056825
358105635
369026118
399343773
500556375
579632114
581508374
1018268527
255176522
436044106
520260347
596975143
803590751
470997318
817682740
331889201
557264302
105680304
312559977
365776027
407304916
564630801
684830992
144270935
787622087
1137261829
348678244
401007816
505517731
523892753
541373320
541950868
572591990
614618486
753760055
844903238
865149744
925991463
592619415
112402813
287046755
322858337
443174376
452973201
548052053
639328195
664129907
823779721
935730434
999721990
317705762
441357078
683521188
504903347
575249312
784387679
872378979
961902977
1142310603
589132289
474526319
385726522
403367082
560793200
160843509
355087663
428395359
544008908
624683017
649949185
680764358
961399681
1064874549
512822590
633338286
66009878
201138047
410442558
535121364
556103089
593124274
728583339
791230183
926957413
538682341
338236493
487266443
490654165
727340104
943798121
670408347
899728433
992426538
465499527
314296824
457334107
196744357
888903375
837166152
527567012
658134536
673115473
549852795
278338479
408547766
215467187
790739227
803170112
415181083
1023248018
216757718
375611685
897646258
421451395
481644498
519362530
936925326
941347237
945978528
983984942
143393622
388725220
403091122
530183756
675432288
675560603
705075714
767791038
306541466
710716191
825572806
42414060
265375860
435722382
523910084
574977066
583086755
589547564
748398402
805308710
415903363
462240982
530625667
533412851
315738437
458255658
508207714
683341159
1003839783
599259309
228527168
283121138
794399935
829256486
1006567480
269222364
321786269
819875814
222017454
308207769
419471650
460956531
727556824
1075328546
118775318
216099827
435948254
545457962
713097595
901826141
931821902
129261012
485566544
513475568
515221471
566674005
587815016
633203364
211193425
645169257
413729436
1044787874
443239412
486316136
784989098
418688677
682285507
605407702
251806784
416819965
494747664
620673809
631605169
266769761
278297606
88648314
117306273
423388476
468358972
477978908
503639178
536580310
712994344
1059509569
524345199
163797051
536633482
832399528
391322115
56979274
389655247
312404457
329625832
406104895
283085328
531660899
538699015
224968863
685764207
462361052
485804909
579386025
663688247
890895241
938743850
343061876
305612669
425692261
1020714788
439887673
737941357
874632589
280739316
354660583
695319682
294421249
425948032
411237166
519704682
748015435
761571297
397580159
541801429
945962512
287161181
608521041
844080194
421849034
644671659
422951760
690740334
240078899
383141287
103779070
334284922
177307953
905624656
1025067694
463724477
573365853
975193783
300438351
332879152
344925891
41960694
569585037
524200460
582130277
374636295
529664228
976554203
450761334
448120593
399204367
439443377
198996733
638711777
600721784
744079369
713265746
768610406
855715760
114843674
878797511
346240830
724612875
308573542
408481400
531092259
763492039
453065569
481707139
499078239
504664171
836494271
714119344
586664859
830156459
621749830
451615450
302756663
466710094
645496527
411297045
404879524
477467452
546266947
282078927
672974285
683509334
485004422
684437261
480209688
628819435
96988667
452757882
539830763
364874179
738385073
124811850
604748595
641067274
547094774
395483597
411755025
346066051
490428907
206240703
127204240
141503539
372289148
565110598
866845033
412113598
424889269
253958333
184476493
780852808
383689167
491555188
685015589
641696712
406421402
628472988
487160095
203962745
403148903
990173781
885228438
925770021
762422860
15152276
514279395
575955277
72764056
281256770
458263194
453712287
392128130
299886936
395741923
485624741
905601699
614814641
739273797
700945285
331529176
696830014
705785645
411507965
411835332
597257572
514437472
561218330
104447505
383582875
885866343
474392053
361829261
636526517
354569235
388847845
401112551
579782011
908029194
241400874
872848779
733572862
497653017
376151524
873158994
313080019
356222062
415545614
588343261
372275173
573296260
763003879
454742702
153052211
687898920
209857888
186636170
336332505
393127569
806893706
114069886
170624010
427101112
571926238
897315853
659485847
330255333
322284533
528897587
466117232
60324960
350765609
234298695
710517409
577967703
5519484
429203644
714133935
405043208
684013049
803303313
872778282
440397775
670877544
417151791
559380658
362684275
810829755
324374784
311291221
854394146
292064027
500674489
40613558
475176577
545439617
337571824
428341614
698413180
137935685
218617890
315389492
201087395
404403256
527072389
402625122
412950812
122568369
428318204
392766719
466709572
459951373
694945630
420680267
587963050
677324555
358416561
190830114
468036484
598752087
178617572
3339230
494623494
113555211
398757617
172448691
284168445
309900521
313445889
333965445
399480928
613116910
497256899
449869235
260854295
486554656
489273131
255301908
410016808
877367174
161181425
358932242
495639857
754271475
488175674
742864502
732190108
454097499
467652312
438014438
402905631
350954925
373440493
241774642
382511203
229548895
413883796
493866095
669858857
343471191
334686798
464403380
289179850
302640579
611804233
841251667
401687278
320085803
217645130
571133241
662395004
390930742
728455269
466786627
458696592
391114600
493257983
193656803
311201424
383661474
364024846
567340795
356615169
159332472
569575158
299515426
469898178
348847006
462459774
733115664
608895533
605043300
224133432
733775443
487339891
505003537
513037638
583433222
447635342
859323458
393523924
546929074
261055946
634797872
224031223
174989969
496420743
722999769
509485222
593581323
324285219
547779230
914779382
482498041
511543290
264050694
434169288
760902774
77489033
499966721
794428850
283093606
117078755
742502891
431697220
339850001
404673548
489640934
666087952
292975876
469438859
706299030
387189273
476289847
545360593
401654667
420052059
356355604
282887352
239472712
830965522
190086956
369621233
475203521
960546574
471606453
184360610
354045643
421429946
576121972
877751906
476331702
735467444
318189289
341066414
440281783
681884315
803929220
538901976
476301269
483436669
146489578
170828744
423420238
433915773
516915080
449367057
867286118
795039783
973271180
268903429
306643050
767627569
791180911
522529038
607996862
668499592
348037879
486844404
811028535
457841100
524386132
573313857
141929781
614768672
522110043
778849484
178836979
463012597
565983419
573106986
750020989
783320169
828435436
793937703
505274803
443203972
118037416
436694069
891425617
342806070
286681367
474316074
618991869
740739224
794169443
344852327
765167199
135356173
586375166
384512106
711972570
508350600
206095024
478097112
671540342
737210780
356775040
891344113
330652233
467032755
813399621
874851292
792782718
490665592
216951254
790686277
540168392
480373580
563907197
628924807
714016983
626441216
825001243
364675300
706715260
235970003
95182405
454722154
68935285
392264426
740264069
675039561
732053632
630786364
660413091
415822678
155625997
575343476
694266239
496330015
472814265
405021687
517240352
750848204
778378900
325055860
561255699
105580322
238811270
514814936
266669810
537740353
818759711
436959080
208928160
248523628
324825986
475361322
513514063
528280412
153491988
499265441
576271340
898611371
539889987
458723006
139558996
542459806
578158695
561463499
419613216
511430798
524653428
490073345
229266124
446469221
512186911
639422289
373523820
533546481
314028536
428024841
770183516
762708696
367880641
447180935
383996733
422944212
663343874
833873925
1221994020
